1000 9903
376 649
820 986
609 621
112 276
977 129
371 654
744 148
946 848
671 397
533 364
411 557
32 367
621 355
53 215
293 344
868 204
407 448
869 661
269 479
222 321
665 894
977 572
355 96
668 534
934 34
460 477
712 301
501 263
49 910
108 495
201 731
979 10
592 292
430 364
692 839
506 222
587 27
400 335
398 974
368 211
481 159
619 906
141 88
454 417
356 231
41 220
836 665
960 871
123 968
487 43
182 575
711 559
832 96
279 319
762 225
983 715
161 503
567 904
379 956
378 601
110 828
629 224
645 779
280 721
67 154
451 360
253 204
783 925
494 365
921 724
194 666
875 753
515 416
194 525
894 446
660 338
578 935
405 825
319 135
401 766
828 911
124 428
380 6
610 345
905 897
885 891
941 569
584 458
324 717
720 250
815 645
725 325
627 349
132 303
513 764
95 928
1000 312
921 940
919 393
795 903
192 752
491 621
590 747
79 589
557 941
924 80
35 747
622 813
717 551
477 770
922 689
212 690
236 431
364 244
187 661
957 393
944 808
619 886
306 61
785 580
37 187
95 501
212 183
69 234
434 857
843 511
354 226
510 257
225 36
619 148
35 295
589 884
337 435
101 554
541 797
361 309
433 96
400 887
758 325
206 175
608 961
755 658
405 123
443 312
357 146
250 802
145 854
760 107
903 29
444 838
228 223
983 787
451 98
470 962
437 187
7 249
565 703
696 578
203 594
439 626
725 825
689 371
327 749
368 994
419 766
721 34
542 16
980 965
584 486
294 329
351 264
510 437
941 458
527 277
195 276
898 995
332 107
688 403
804 797
965 574
751 856
790 856
136 85
691 645
772 450
702 7
942 410
375 293
30 896
969 948
359 318
792 687
478 54
99 191
429 626
250 49
179 119
532 561
297 128
904 952
580 937
748 231
239 796
899 255
494 815
814 270
175 336
38 394
568 756
576 143
204 704
705 301
670 817
356 923
107 23
658 925
2 153
741 860
157 827
374 547
58 672
651 445
335 188
842 736
140 49
404 891
832 886
979 905
528 95
512 628
534 453
756 221
205 369
138 314
46 675
139 79
768 669
608 92
827 442
230 686
722 44
318 547
745 213
745 102
306 982
683 296
993 624
725 989
63 218
191 17
565 772
234 628
368 526
534 513
350 626
519 215
873 859
698 278
422 446
968 560
94 518
170 62
423 800
9 116
382 839
472 826
254 664
312 931
9 965
303 239
394 649
126 774
878 369
610 979
937 353
223 68
778 531
584 990
643 403
649 774
445 443
731 910
331 730
499 942
869 820
856 109
678 282
93 282
847 689
926 800
892 746
785 224
70 106
128 749
326 128
558 815
947 372
166 680
336 799
853 610
36 140
665 558
211 414
709 99
250 632
522 993
71 890
628 341
742 501
10 434
945 85
4 841
3 635
228 970
229 415
859 824
583 520
58 9
404 125
722 16
493 7
85 816
581 859
765 174
130 195
414 178
879 410
148 122
96 315
261 891
16 668
346 191
973 114
595 576
214 298
51 670
379 317
954 801
442 945
189 564
81 459
119 311
122 521
530 528
933 597
328 636
591 677
703 63
371 574
943 288
159 841
62 919
424 522
591 842
83 783
110 650
929 839
368 359
576 668
795 954
479 445
118 279
959 871
229 646
341 60
16 827
532 395
91 685
969 235
905 319
329 702
322 411
291 600
424 439
408 988
58 458
799 752
394 911
145 3
900 373
114 936
11 989
227 667
16 368
236 475
498 523
24 795
609 119
965 826
222 276
642 335
553 184
992 904
504 210
231 33
827 806
704 171
867 553
170 795
483 894
282 497
672 585
893 569
875 978
396 329
91 754
358 63
231 775
34 449
992 69
274 504
500 804
229 290
925 336
405 546
201 449
298 621
729 859
570 465
832 604
675 182
509 884
312 432
883 59
441 12
515 576
561 771
689 342
306 926
381 314
589 245
774 73
815 791
742 989
768 18
308 203
555 186
648 616
811 212
722 425
63 99
643 815
401 424
95 786
8 278
377 601
431 380
293 379
39 331
223 254
851 917
636 133
735 227
421 135
39 728
852 605
818 541
568 12
343 102
448 58
833 120
544 501
66 841
674 648
52 788
221 747
88 81
939 628
210 636
657 187
472 447
421 330
709 576
135 716
568 729
455 607
576 164
114 863
875 144
588 571
386 21
117 253
49 373
802 685
875 33
469 688
399 777
112 467
365 566
193 694
75 694
538 2
427 577
279 544
836 803
799 185
864 444
131 633
693 727
1 5
944 83
784 428
234 383
86 794
591 345
25 824
483 596
907 438
600 644
488 254
219 126
637 867
681 837
993 619
157 188
655 941
806 94
664 16
314 393
893 165
820 915
816 862
949 49
209 748
848 428
180 443
359 812
882 71
310 740
428 663
35 987
20 467
324 960
604 789
184 211
402 118
829 701
575 148
406 598
138 835
246 273
748 947
79 980
34 621
984 169
285 16
916 627
460 890
114 703
425 56
902 570
762 755
523 258
545 863
639 683
717 633
648 64
647 786
84 330
675 873
967 497
476 524
222 56
796 255
819 6
35 535
210 755
58 591
529 178
773 618
960 111
781 79
254 331
791 154
359 180
233 458
951 336
119 968
500 126
768 624
325 373
20 741
645 834
567 145
839 652
955 115
520 692
685 38
135 5
984 929
713 165
936 580
777 704
794 686
300 475
579 967
616 766
10 64
727 205
985 918
696 607
732 357
772 988
555 484
96 399
224 692
206 836
775 743
323 729
436 969
168 923
43 25
17 902
508 587
884 945
425 489
959 108
214 61
142 782
604 589
898 964
21 915
423 803
427 420
32 436
344 326
735 282
739 863
99 508
393 357
285 911
179 436
750 189
329 615
809 813
627 562
406 749
853 188
449 142
123 339
655 490
587 480
880 374
481 285
924 409
304 818
140 392
820 346
888 491
878 592
516 51
311 593
408 880
582 49
198 45
593 817
353 180
317 849
709 703
840 674
123 558
396 64
993 388
973 934
207 134
122 362
748 490
676 159
70 250
698 691
537 759
166 681
261 991
796 528
999 59
638 457
378 579
947 979
550 515
476 84
129 4
885 176
745 517
804 138
73 384
918 150
237 714
357 856
429 315
180 967
474 676
662 171
42 992
488 792
729 894
569 529
182 12
193 231
223 688
370 292
318 732
428 132
395 341
859 936
435 997
77 171
834 614
547 855
363 962
272 823
475 976
665 256
850 764
299 14
462 718
671 510
674 78
645 991
705 620
320 654
281 696
85 386
341 872
714 940
217 826
56 248
997 349
195 751
696 968
933 549
56 103
55 875
938 141
646 330
26 835
208 866
541 32
178 518
255 564
152 937
265 547
284 190
127 462
734 674
407 160
874 801
513 47
421 452
963 209
27 117
566 814
383 182
240 896
459 750
667 389
316 109
635 265
249 182
140 259
822 803
541 804
511 210
701 126
903 742
740 964
727 994
448 204
388 533
931 745
843 469
918 481
893 43
887 516
853 660
552 97
257 795
116 416
558 187
687 285
836 427
340 680
378 615
779 267
118 621
980 376
658 644
580 110
521 976
633 340
33 542
255 71
556 334
188 714
617 840
432 156
470 932
931 178
113 601
171 377
620 724
402 591
612 814
77 79
907 282
507 286
931 400
401 653
403 203
591 410
573 955
728 57
398 338
366 454
815 647
601 527
290 730
647 762
190 99
375 61
566 462
775 271
294 13
687 558
834 14
307 627
678 871
695 799
147 797
350 244
298 339
244 795
455 427
592 371
259 324
924 82
504 421
183 573
826 828
426 42
970 906
579 540
1000 615
327 363
926 207
383 170
22 852
792 883
155 551
448 185
486 673
252 835
576 165
297 324
460 816
409 258
247 728
982 917
808 88
239 728
888 742
649 648
158 534
399 776
145 665
510 5
183 993
554 759
519 523
541 795
158 673
305 83
982 205
658 601
54 886
985 735
119 916
279 547
620 907
750 814
966 667
549 385
955 86
793 119
337 339
46 645
158 835
585 501
384 140
497 533
922 388
814 654
767 938
988 901
863 811
572 580
851 391
64 979
928 696
911 417
73 523
241 409
77 115
868 834
246 938
935 492
186 733
573 991
261 141
941 539
68 665
588 464
612 478
150 995
330 561
48 677
468 566
768 366
308 393
271 85
700 873
275 142
459 157
412 13
659 244
553 537
646 274
5 426
119 28
731 646
159 913
806 212
990 881
38 34
800 29
503 274
685 141
108 418
970 453
551 352
243 977
563 366
216 67
752 149
899 848
757 940
762 978
708 580
60 163
317 844
931 720
587 178
861 783
658 711
836 723
265 834
966 74
823 503
398 678
633 370
207 82
465 599
546 856
586 73
344 628
931 56
573 349
524 903
675 309
974 867
611 615
280 779
317 4
266 866
569 907
426 480
900 785
704 434
334 109
340 966
345 852
589 457
367 495
647 233
426 511
462 465
379 565
661 61
292 688
132 685
544 805
211 960
855 507
413 132
626 929
76 450
349 978
450 704
156 426
546 254
107 768
73 944
760 726
356 544
836 363
589 413
731 87
837 297
243 625
850 571
616 330
324 918
318 204
726 217
355 73
598 7
97 134
786 245
146 84
899 942
347 765
173 685
725 384
636 829
263 987
201 572
933 243
825 972
638 954
373 998
815 243
216 95
890 255
792 828
905 483
445 298
452 538
844 875
607 130
165 955
314 615
705 158
706 753
891 695
819 402
586 395
35 387
96 461
130 437
26 194
282 104
374 658
800 485
253 963
418 632
787 737
681 294
416 323
701 827
922 56
853 608
195 398
123 783
492 497
188 961
463 329
269 512
552 420
435 808
898 208
607 582
185 230
967 689
344 865
224 900
831 547
941 415
465 494
836 139
604 127
664 828
868 548
281 492
270 608
568 742
280 180
635 640
719 588
210 461
466 611
916 1
424 863
669 343
119 384
542 207
879 122
238 118
792 190
721 104
940 270
622 216
454 574
669 121
7 630
158 486
610 659
609 844
332 429
388 111
100 849
392 106
963 725
394 728
144 763
695 826
365 179
919 614
748 407
62 237
818 631
255 644
919 471
886 878
523 762
619 609
91 732
450 53
927 110
280 418
830 865
638 543
969 707
861 597
75 832
661 969
689 716
116 281
362 508
677 99
701 125
813 611
724 88
335 666
839 787
537 545
679 682
527 598
287 221
914 633
852 477
123 811
126 222
509 206
880 942
699 354
535 216
43 901
97 293
120 130
637 675
234 246
81 873
559 564
543 83
450 446
547 20
306 698
626 519
628 73
816 115
600 682
234 424
592 522
24 102
43 322
869 242
742 832
600 857
967 677
863 980
683 370
286 486
337 818
946 992
105 302
177 905
640 342
143 148
608 467
772 548
384 749
39 103
132 411
983 332
19 11
937 524
60 741
632 584
356 328
323 385
531 932
971 285
792 440
282 714
389 790
997 449
909 897
762 733
807 945
550 162
844 459
350 132
782 49
117 551
291 502
515 662
827 664
801 521
622 675
448 316
244 941
579 684
672 282
448 598
72 758
514 501
829 204
908 221
73 236
843 496
311 190
793 683
748 307
399 779
92 271
922 112
27 668
945 177
582 174
568 936
914 748
440 967
63 751
279 546
50 998
170 345
288 991
715 920
37 764
168 613
331 915
941 422
604 395
880 680
720 669
737 273
756 107
439 937
102 941
569 584
841 723
807 450
737 386
376 998
506 925
566 111
452 347
55 750
78 309
669 366
120 491
547 878
87 57
345 394
772 905
522 632
264 672
907 662
234 263
113 823
393 734
756 559
575 213
703 992
686 790
677 645
574 791
776 899
703 113
564 265
549 603
821 230
381 687
790 863
627 683
920 713
462 848
200 863
958 400
407 32
565 274
123 294
144 993
847 553
204 541
482 155
516 973
839 181
531 493
738 59
547 906
723 853
795 416
546 998
139 388
947 285
469 737
685 497
44 511
830 746
999 17
690 185
236 707
510 38
311 51
245 128
67 567
513 433
197 184
344 740
582 68
304 606
427 687
76 654
814 824
618 217
945 959
424 697
747 503
106 501
680 444
186 45
684 476
978 193
410 693
16 548
366 818
628 129
383 54
765 120
243 338
523 132
160 942
974 707
629 650
727 45
643 984
176 536
310 599
885 929
651 681
929 975
458 609
422 12
468 272
890 620
200 748
645 44
521 22
743 825
725 286
207 996
736 404
303 232
307 237
1 938
623 435
56 427
227 386
283 148
428 923
674 607
408 963
852 774
464 975
506 198
829 18
300 704
728 187
641 772
161 850
678 281
292 428
754 627
800 679
792 940
743 509
781 224
106 898
639 316
435 412
2 201
314 727
781 113
462 957
921 342
44 483
328 306
687 379
233 430
272 222
735 527
168 287
645 787
888 398
192 389
279 386
162 741
770 484
172 462
68 143
736 177
917 737
245 561
889 247
864 723
175 794
640 362
626 736
382 378
898 499
977 330
63 773
923 812
48 34
267 768
412 36
441 245
465 143
428 277
584 67
492 736
163 576
310 785
777 988
775 313
523 160
177 620
472 588
642 750
682 963
170 255
389 31
608 100
341 886
214 236
641 743
146 260
77 796
206 576
191 276
599 251
639 775
590 490
955 827
479 41
635 207
467 689
319 688
838 992
991 130
691 766
752 496
790 758
459 898
83 622
621 18
734 307
520 69
44 899
796 178
579 546
563 169
364 140
577 5
579 691
835 861
840 881
239 849
317 883
709 657
306 228
326 227
199 627
956 46
892 94
837 253
344 958
509 348
793 895
466 113
858 927
361 349
272 314
400 783
666 102
25 406
120 20
762 463
581 137
489 161
987 430
272 329
439 215
813 38
874 20
49 205
988 12
681 588
974 203
270 791
505 952
200 138
142 200
954 127
349 631
723 310
7 145
410 749
216 864
253 411
347 90
205 24
82 741
174 692
168 966
321 468
271 962
720 254
700 751
57 603
394 411
437 359
426 8
924 799
542 474
446 463
638 611
109 111
208 537
995 146
455 309
47 841
144 728
170 388
133 272
818 536
749 48
246 812
812 874
13 843
753 902
292 262
264 319
545 913
203 306
259 100
758 32
84 23
119 814
877 430
198 217
60 8
23 116
597 863
668 190
163 273
623 943
348 819
844 904
870 904
748 300
92 264
609 146
202 344
888 343
62 804
148 505
311 95
246 863
742 289
444 636
486 227
770 428
737 167
131 634
279 658
410 559
874 8
177 488
880 681
93 355
947 146
978 218
427 864
440 604
587 817
453 540
347 9
586 708
722 215
640 238
732 412
203 598
898 554
202 879
918 553
119 474
355 139
263 412
918 574
916 58
709 528
744 321
998 586
836 295
355 851
593 108
246 770
924 972
122 588
432 710
125 808
221 776
186 573
260 452
78 583
852 670
943 866
391 517
196 601
556 662
425 172
798 751
88 882
768 228
130 619
94 328
13 798
181 536
934 110
97 597
189 61
763 403
982 378
674 683
786 433
312 600
666 619
792 802
975 209
585 633
987 957
87 819
291 994
258 233
757 859
297 277
413 387
227 724
349 64
883 749
96 748
527 536
736 473
329 21
239 766
222 1000
558 134
743 190
343 556
254 473
644 619
496 913
760 318
387 706
462 138
373 501
429 67
415 240
73 489
883 440
594 829
798 435
249 680
323 849
162 613
72 175
788 749
609 408
866 553
336 740
409 856
206 937
98 782
742 47
928 855
160 705
984 851
622 82
461 37
730 734
823 859
898 526
318 257
835 121
52 373
396 807
57 25
224 550
557 412
304 487
428 592
121 930
416 136
768 221
726 260
958 192
392 225
677 696
473 506
774 594
460 208
765 699
627 646
846 676
427 581
65 177
400 442
78 893
708 732
820 438
491 264
915 346
554 230
331 163
321 881
714 992
326 474
862 184
867 194
316 68
31 563
602 669
406 534
271 358
511 59
352 656
43 590
466 360
563 106
545 715
957 318
639 21
553 209
917 656
888 288
170 803
961 596
283 576
566 516
737 13
3 321
520 629
480 18
452 984
738 401
542 513
413 979
524 153
770 404
111 810
318 624
229 411
586 988
443 469
707 864
318 615
543 14
694 110
107 577
498 511
704 702
190 409
980 795
626 963
172 787
456 735
363 852
313 163
371 661
427 231
977 347
945 614
431 759
534 912
997 346
707 910
416 3
209 783
652 910
56 473
645 15
578 34
339 618
1000 336
929 820
17 274
715 199
772 390
866 361
429 549
909 283
178 871
565 329
739 90
98 78
265 557
620 335
583 85
790 465
274 40
460 696
143 531
14 739
853 288
567 534
288 632
606 40
308 875
974 524
447 948
103 22
678 484
737 952
927 770
690 462
158 584
515 137
898 3
851 33
837 30
614 707
329 211
549 490
36 307
607 676
917 946
693 767
604 430
966 717
37 855
803 480
660 351
664 794
955 301
868 730
797 706
873 100
731 223
358 748
654 905
968 176
772 768
242 909
979 528
565 727
510 650
114 211
280 257
800 584
211 875
431 538
802 410
683 336
568 656
166 516
891 358
17 579
661 454
721 219
977 881
686 875
782 362
751 835
898 907
543 951
478 479
496 204
705 792
599 508
967 120
731 78
683 833
902 749
304 878
730 492
722 428
509 630
771 290
899 889
666 532
334 958
691 507
583 57
288 422
397 124
197 519
165 992
222 211
49 655
178 109
986 250
239 884
871 339
800 432
430 111
735 672
576 215
225 63
802 681
875 37
69 102
278 914
926 542
802 536
430 841
897 820
168 472
23 970
843 743
300 205
121 472
672 984
893 842
197 851
568 793
918 861
738 310
67 379
241 700
572 720
3 695
479 654
962 756
923 870
301 838
285 321
592 601
320 956
82 311
798 129
299 361
949 795
733 39
480 30
145 582
848 273
124 60
399 28
293 569
756 553
757 417
686 788
117 924
507 29
308 90
938 177
942 793
190 2
104 223
303 353
985 378
803 937
787 44
626 124
540 780
959 810
285 935
70 583
806 203
646 416
457 802
692 230
621 72
277 856
773 803
668 31
49 969
286 910
69 518
540 873
771 286
648 467
439 465
65 359
528 633
749 130
729 136
386 549
87 818
218 655
516 234
886 118
745 866
657 52
473 635
170 957
891 541
970 900
783 988
575 815
10 697
413 684
486 930
839 618
239 622
59 220
832 988
980 332
728 797
693 789
125 339
805 935
444 513
525 296
799 153
552 346
722 957
76 716
12 460
489 9
575 728
384 107
977 364
483 743
634 941
393 755
765 133
368 805
864 186
954 179
786 881
967 734
181 229
399 338
596 402
594 382
66 295
284 658
655 909
107 773
370 113
247 277
51 566
419 878
773 323
557 556
982 219
855 843
750 103
933 525
551 82
423 645
865 564
251 495
148 176
877 928
15 177
678 851
735 262
661 623
792 766
522 807
947 782
252 706
827 678
900 120
100 563
790 603
807 667
104 812
43 630
908 562
552 623
951 972
681 248
520 58
719 449
799 692
776 141
689 903
835 897
804 464
453 14
643 82
827 785
19 844
905 225
922 7
981 348
12 3
395 141
86 730
366 656
917 256
644 584
81 608
478 738
335 159
125 375
76 861
349 335
278 821
319 395
67 674
345 772
876 608
453 433
759 873
798 319
862 934
566 931
902 265
580 243
711 923
239 70
668 846
815 905
48 435
447 53
841 634
698 469
534 695
846 197
137 355
854 720
329 971
94 709
555 341
829 942
542 109
138 799
67 143
566 375
364 699
492 384
536 134
722 593
74 992
915 42
848 7
649 506
343 899
522 731
963 615
92 883
560 424
705 940
143 742
43 594
709 637
670 653
285 689
326 455
737 620
39 998
335 319
887 738
299 893
265 957
857 827
473 514
687 59
738 225
757 131
374 765
620 253
35 305
914 628
753 548
803 547
222 929
631 543
263 691
831 992
654 594
433 126
323 562
550 547
25 700
427 600
390 364
158 728
839 707
219 986
736 224
261 721
707 545
923 748
233 170
638 506
24 331
135 73
251 602
567 74
3 356
349 629
578 929
478 907
922 849
676 706
38 751
935 375
955 413
152 94
25 976
686 543
658 646
711 780
306 923
82 877
788 107
828 884
741 53
742 982
619 4
447 190
87 135
454 654
237 790
658 290
505 547
75 340
830 452
506 312
33 184
571 377
582 237
958 104
843 984
834 189
30 942
810 178
27 164
729 2
782 52
621 244
273 36
442 88
9 738
1000 619
286 802
117 564
127 204
522 734
113 438
30 612
174 919
122 460
753 742
607 199
623 937
765 564
406 213
562 87
932 640
355 134
714 106
718 626
828 502
724 199
905 875
693 816
165 547
760 147
871 129
586 819
220 21
516 730
370 390
408 151
64 521
211 714
339 385
996 534
716 853
861 284
258 617
216 975
215 311
971 865
660 416
688 77
689 484
121 682
512 315
216 992
521 547
75 218
996 283
819 971
743 716
736 833
726 471
525 856
929 183
218 54
129 527
186 584
906 321
564 357
730 909
858 70
640 445
713 857
39 405
276 953
905 15
742 732
765 661
70 565
900 246
665 911
941 292
4 463
252 703
553 686
991 386
283 492
748 831
584 936
435 118
255 345
471 780
972 311
991 85
207 538
178 812
37 103
934 255
424 116
867 168
316 162
64 139
522 234
729 143
412 717
677 87
678 240
112 135
22 884
316 17
345 528
752 119
187 292
334 693
795 421
101 662
676 352
2 147
607 178
538 321
6 683
499 359
279 381
142 577
528 439
796 806
909 230
288 784
130 207
371 289
408 469
742 368
163 109
715 552
59 76
539 781
281 250
395 78
641 362
845 970
189 893
993 831
996 586
387 994
145 412
374 886
641 411
237 666
106 949
93 662
19 647
907 120
195 186
31 320
828 247
950 62
328 793
58 238
646 807
774 232
959 292
15 764
771 455
228 129
543 330
237 845
953 228
113 839
938 368
315 979
100 91
103 848
812 387
181 902
254 708
5 232
817 646
303 407
904 286
490 797
169 864
721 435
868 166
116 559
777 498
873 408
861 852
13 768
54 474
711 618
334 836
333 783
943 426
17 86
191 136
886 32
653 77
531 413
5 590
306 255
400 120
130 433
39 803
23 190
444 337
892 855
509 437
438 883
143 6
525 105
84 815
326 29
600 261
831 790
270 987
396 306
225 320
889 809
484 459
528 177
124 562
231 878
718 324
479 688
171 643
392 756
233 94
430 608
732 32
474 336
20 996
766 313
262 105
654 947
362 653
548 862
356 357
276 604
850 307
788 80
310 788
739 674
775 314
345 934
877 720
539 843
176 782
377 982
602 38
635 851
735 589
234 884
590 489
313 387
901 2
959 796
427 391
912 869
713 994
164 754
972 153
223 17
333 977
113 51
598 39
768 551
805 375
787 212
994 272
649 219
83 627
916 935
277 671
403 588
912 402
354 667
383 189
186 874
709 525
467 238
213 990
390 506
698 737
452 122
679 678
595 347
135 900
549 182
589 841
704 161
61 508
27 692
400 892
268 186
384 391
295 595
775 709
851 35
581 118
306 596
628 439
353 747
261 720
443 277
51 238
362 975
146 784
71 997
314 42
461 905
530 938
582 499
750 625
181 314
789 59
45 347
963 232
819 844
470 808
701 345
707 239
564 620
656 543
406 703
953 179
178 797
115 344
507 386
238 22
781 814
998 572
252 438
290 727
517 884
259 540
133 123
906 317
636 44
997 942
455 128
717 877
521 194
744 917
963 693
972 189
485 981
673 376
143 340
452 280
8 201
145 26
725 68
1000 733
965 597
201 760
58 781
863 74
481 344
619 990
175 212
857 997
87 796
503 728
987 963
108 232
58 949
916 180
22 216
577 407
463 126
729 332
470 843
795 329
245 434
179 988
534 214
44 422
894 144
571 351
576 796
33 588
729 671
895 270
589 591
755 667
591 1
775 958
867 809
287 864
596 189
680 452
275 616
860 281
492 773
185 859
168 647
814 514
727 295
94 864
375 841
569 302
107 795
695 442
965 833
918 671
464 42
411 567
525 855
379 251
342 493
215 849
643 992
816 704
858 71
825 118
865 929
882 65
935 201
665 541
886 537
17 702
41 304
739 809
961 487
374 476
351 164
616 203
174 615
817 980
35 831
991 84
4 226
443 578
308 176
549 778
718 915
863 174
386 830
154 258
999 990
35 541
236 394
990 39
207 315
433 330
877 399
952 538
183 802
849 962
718 570
779 539
887 602
429 158
561 512
942 36
230 458
639 122
609 179
148 553
597 594
448 983
175 556
966 361
928 908
876 638
516 703
976 632
538 915
671 93
747 491
196 115
788 351
71 941
800 786
812 165
832 619
211 598
927 497
699 253
718 11
647 117
600 870
129 663
452 443
73 554
440 291
665 302
24 162
885 651
691 810
283 541
841 557
290 317
328 760
864 922
411 531
798 925
233 701
609 970
631 397
132 191
673 85
475 537
39 440
886 613
246 708
372 903
431 306
884 928
471 973
368 370
191 412
958 33
834 404
527 20
948 255
146 81
934 62
403 706
43 731
553 282
610 861
402 374
22 567
499 774
373 993
106 748
912 439
737 582
443 246
633 661
598 341
549 959
87 976
951 639
532 835
457 495
313 915
836 871
980 29
601 288
729 283
571 584
296 954
814 156
490 496
589 932
673 648
649 715
448 900
983 684
782 553
434 747
277 175
206 383
353 793
335 153
689 518
763 850
586 249
269 571
310 425
348 20
667 616
372 146
64 707
802 945
107 679
237 748
812 914
918 795
479 691
794 285
297 835
750 602
823 922
93 761
474 964
427 941
580 253
375 531
968 151
418 168
628 225
556 134
870 354
177 535
750 692
328 645
94 824
756 333
996 220
46 741
176 457
971 534
845 49
518 89
665 699
260 377
264 892
527 293
808 889
346 984
640 536
185 478
646 189
940 410
1000 572
981 834
69 920
730 66
215 654
146 403
844 254
937 420
204 157
338 939
924 166
764 421
365 174
421 236
186 867
8 95
942 966
299 704
85 95
164 491
967 145
606 467
904 925
806 17
596 589
317 60
941 264
804 562
60 258
813 956
728 236
526 35
107 957
679 579
957 125
540 139
120 604
482 863
526 466
196 977
162 833
969 343
928 718
616 688
871 296
672 354
13 406
344 787
558 850
639 173
1 487
761 55
870 883
395 171
187 77
297 669
504 439
712 764
500 639
954 281
148 925
480 416
428 64
423 113
902 344
470 958
716 898
347 33
422 765
46 589
964 176
359 457
82 737
673 834
712 184
958 957
653 965
142 686
840 724
367 881
617 330
206 561
190 306
892 16
472 987
463 222
593 405
406 978
924 795
543 547
86 74
881 402
772 327
475 577
792 445
890 643
929 868
844 113
706 78
264 197
456 813
678 1000
807 716
166 220
259 330
190 726
140 511
123 273
948 294
914 146
516 98
922 697
698 676
486 712
951 566
18 878
343 806
742 606
162 733
199 706
918 276
120 743
942 414
570 890
130 118
974 623
426 961
944 526
482 581
409 151
267 307
969 429
76 897
97 122
153 184
466 81
940 518
175 523
809 453
595 84
852 365
935 221
675 492
508 427
600 118
400 766
756 193
701 576
997 761
449 819
67 380
220 390
150 441
745 225
711 972
710 545
586 531
492 774
93 545
189 802
560 186
267 844
507 323
503 255
292 745
548 570
310 192
747 842
821 463
218 52
246 590
997 270
416 223
513 679
359 954
235 616
200 757
521 253
117 580
523 603
636 160
104 337
892 282
711 310
610 967
113 229
924 29
178 859
14 13
697 653
682 475
576 586
922 618
795 232
189 57
155 73
819 158
674 679
473 862
2 476
222 35
338 548
732 756
269 82
967 383
382 933
154 434
493 854
892 734
946 697
363 8
516 356
773 932
207 171
559 454
866 518
391 464
653 61
781 72
805 834
365 843
370 887
845 966
799 356
712 598
984 283
258 438
352 69
727 646
470 661
804 157
474 600
851 218
563 718
487 734
956 740
110 623
52 875
670 537
335 986
440 710
883 218
885 616
98 778
30 255
693 421
196 131
500 834
418 133
310 159
871 845
229 69
267 872
470 849
722 991
318 261
604 806
738 956
78 389
336 36
195 363
397 539
366 384
4 643
77 883
351 340
760 587
140 584
506 271
158 396
507 58
492 302
458 618
898 991
354 331
834 961
617 471
568 237
198 600
721 433
52 949
491 383
313 583
276 701
99 114
191 546
838 667
86 348
967 61
899 805
921 797
394 904
999 620
674 715
382 630
424 82
98 25
653 895
383 104
75 811
748 242
26 349
724 436
853 264
984 473
141 188
932 153
202 442
95 270
83 405
581 382
657 422
236 653
582 585
775 594
344 189
55 248
543 351
849 719
7 373
526 460
766 404
35 116
328 202
96 102
187 145
315 452
499 99
983 909
369 320
842 479
148 300
167 704
244 469
141 721
56 579
76 574
833 925
888 224
870 400
603 311
380 900
440 337
484 186
450 374
786 764
54 380
261 163
39 232
591 399
594 353
777 967
391 559
859 79
381 415
975 925
617 145
212 915
873 831
488 475
74 924
608 444
682 863
898 816
208 970
384 829
48 611
117 907
83 791
924 167
697 491
881 70
902 618
689 904
487 124
496 51
648 176
995 91
136 484
47 150
469 352
587 389
1 826
843 31
174 61
363 767
14 372
252 967
71 381
553 390
968 939
577 24
1 708
934 916
538 485
683 660
572 67
373 230
342 33
841 364
770 816
421 688
5 817
233 508
275 817
658 989
897 691
861 226
684 605
316 257
882 42
923 451
488 718
675 354
947 457
519 685
724 797
620 926
748 380
928 949
323 813
361 98
234 240
950 218
145 865
935 530
404 170
846 10
349 626
353 631
559 931
708 47
858 476
234 402
129 774
208 249
393 248
388 900
760 677
835 53
301 657
87 128
949 37
697 180
203 911
720 243
223 448
354 529
956 270
636 447
194 198
621 685
731 405
551 134
459 246
479 251
652 991
912 820
694 650
560 658
169 813
385 888
522 875
685 383
431 501
624 637
973 594
498 562
83 928
246 444
66 814
87 708
382 684
365 290
293 69
973 547
723 752
448 402
202 129
424 411
667 457
15 860
965 740
692 812
142 261
970 138
500 477
946 147
452 600
714 183
696 406
522 717
884 635
244 986
312 887
843 502
421 596
740 886
979 150
468 401
254 422
491 784
821 33
978 62
633 31
687 318
157 735
714 504
879 550
987 465
521 589
365 904
408 363
637 720
824 947
72 184
789 379
6 895
561 500
687 863
564 957
968 504
430 559
159 151
371 21
617 813
135 430
304 950
872 765
245 869
105 210
200 314
254 973
495 493
522 203
9 276
655 949
967 647
328 734
188 739
578 674
815 819
318 505
928 413
376 714
985 604
308 183
788 249
570 799
859 292
787 451
346 913
902 784
190 6
475 755
489 911
806 380
801 348
879 371
933 887
592 199
4 93
614 35
632 840
688 746
786 27
625 1
751 577
934 580
810 149
369 963
27 133
361 819
568 415
970 351
773 688
832 276
999 984
644 931
683 591
409 374
155 150
801 664
72 536
183 600
16 463
804 440
334 299
575 811
377 84
547 406
106 394
417 685
555 899
468 133
478 522
945 215
874 183
275 936
315 443
263 59
818 302
208 219
895 300
236 991
185 923
58 395
963 388
516 840
245 968
695 343
346 305
920 192
298 700
544 828
817 328
450 275
159 425
925 243
440 293
6 20
377 846
413 14
241 271
93 166
439 734
924 958
104 1
820 895
82 626
489 585
950 718
687 489
543 259
725 710
800 739
826 443
789 565
706 149
320 600
634 447
605 897
420 547
57 879
425 243
706 4
49 783
356 900
844 442
97 539
518 703
721 449
117 712
152 964
345 263
365 490
368 82
973 747
815 248
13 142
790 462
956 802
135 767
583 253
731 822
719 461
444 253
620 6
72 564
183 768
535 495
974 565
628 697
317 986
504 191
140 117
417 728
456 290
311 252
351 751
409 108
303 520
396 350
658 521
484 512
990 434
690 438
413 573
819 550
732 797
400 680
590 743
649 389
290 755
15 910
141 639
842 476
671 51
653 484
604 118
141 720
716 920
275 674
16 515
427 943
889 520
263 317
266 99
868 769
121 976
307 531
548 627
769 378
973 250
522 18
484 921
603 69
843 722
820 194
693 124
252 284
656 107
555 119
820 108
708 543
300 216
584 517
74 639
751 667
934 457
714 305
631 177
325 590
877 17
805 372
240 218
938 919
904 27
784 561
892 434
655 470
56 316
863 83
421 460
575 687
552 369
829 443
322 515
565 453
680 881
692 121
383 190
312 533
921 617
226 231
374 471
213 987
230 889
576 849
938 600
353 232
782 745
162 974
281 721
341 399
735 843
258 93
888 722
67 983
709 300
875 60
126 374
326 884
97 92
667 808
944 755
563 875
163 89
456 429
366 688
274 866
97 461
334 402
634 668
743 82
376 132
103 243
300 68
586 795
678 983
709 223
185 979
297 957
335 925
215 251
2 666
261 511
284 560
466 943
879 449
439 608
379 355
911 506
769 469
686 658
265 214
298 549
413 502
975 749
419 861
117 844
522 54
579 59
324 500
15 471
131 191
259 513
556 793
313 704
565 101
177 876
825 200
313 412
633 417
463 662
843 988
236 115
725 464
526 227
416 770
347 826
208 612
942 595
859 469
936 360
611 38
818 884
299 596
808 290
2 361
170 563
45 581
463 202
803 876
486 857
611 108
331 588
291 968
429 183
502 407
984 402
970 109
45 622
562 83
874 449
277 621
392 962
317 627
357 934
790 222
233 360
513 430
144 471
589 763
76 786
899 329
262 379
923 607
600 448
552 355
185 638
258 754
614 225
483 865
854 848
11 339
358 419
931 201
195 444
400 527
885 641
280 981
633 489
870 462
86 569
825 703
457 707
595 805
120 387
177 716
968 209
251 877
241 401
936 386
810 202
979 563
431 596
966 863
751 31
403 239
258 822
467 928
375 251
507 419
643 997
551 212
739 588
920 818
481 844
372 831
622 155
990 607
55 826
441 642
886 540
204 759
86 84
969 832
311 817
151 936
977 993
119 20
916 841
108 996
929 774
90 266
950 956
117 755
161 621
454 170
166 254
725 616
321 871
933 168
166 329
95 317
631 927
814 421
784 648
553 477
654 381
692 944
197 510
566 921
71 469
917 533
274 633
546 816
343 949
144 21
453 21
787 717
58 711
536 139
154 82
157 817
184 800
395 868
35 301
565 360
962 896
124 955
261 94
741 548
651 260
358 877
179 731
625 831
129 50
955 138
831 567
334 117
175 783
287 833
91 320
880 715
25 882
387 887
245 983
279 462
346 318
390 229
727 196
267 874
111 99
259 810
103 767
52 371
471 379
149 899
475 892
246 569
52 226
604 983
733 757
593 66
243 633
172 587
18 147
51 426
735 577
311 996
144 663
416 108
548 909
476 852
256 517
459 14
276 712
939 376
139 908
713 42
182 994
471 959
956 733
665 792
616 298
355 222
104 478
235 884
498 714
394 913
933 76
460 658
528 602
856 119
375 411
602 615
72 678
273 369
554 770
675 433
173 888
559 697
277 458
649 639
598 913
914 525
936 237
576 20
346 544
513 273
710 931
822 745
221 238
762 434
874 168
177 72
654 746
567 863
235 478
131 555
709 250
608 899
92 236
223 810
258 698
78 43
723 434
675 55
590 902
208 633
150 615
584 991
137 644
707 967
410 656
654 951
822 85
349 925
150 726
211 996
824 569
931 511
436 775
864 970
591 393
849 26
650 93
65 555
707 132
89 363
91 251
110 69
627 477
445 928
1000 41
432 565
307 899
750 405
117 369
916 367
150 931
65 885
838 840
450 905
416 25
535 872
310 677
707 307
29 323
395 717
639 801
971 198
557 813
652 795
772 396
777 274
852 946
412 275
164 476
365 461
244 546
762 931
856 420
217 366
515 819
916 786
297 198
465 868
321 728
312 428
60 99
478 278
637 887
672 357
326 218
300 961
192 218
527 606
14 519
545 812
409 79
687 292
709 444
231 936
88 394
676 11
535 208
505 615
235 442
828 990
681 548
867 817
599 626
73 152
625 967
864 25
846 409
315 339
648 346
279 756
893 898
470 957
272 622
722 234
815 876
779 113
360 439
328 853
293 813
725 810
680 998
124 423
723 933
197 701
146 577
437 78
169 736
150 877
946 920
854 753
447 165
547 715
364 517
384 741
977 218
501 684
302 823
679 79
704 790
60 765
639 859
379 49
489 913
808 743
950 550
717 873
815 492
198 422
311 861
123 421
783 243
861 751
772 96
956 645
100 595
235 828
682 373
898 842
730 409
531 360
571 663
302 566
901 441
64 211
407 957
736 581
224 425
460 809
444 166
905 652
962 185
919 883
933 358
844 903
438 998
46 65
853 703
985 712
629 88
851 82
211 499
908 59
683 26
55 34
139 207
215 440
400 753
775 954
387 909
210 978
763 908
141 646
883 195
996 546
278 609
768 827
16 560
200 173
823 991
2 639
812 76
725 861
752 917
215 15
238 468
720 435
242 316
348 652
376 605
472 668
548 549
60 931
349 886
562 799
940 319
523 225
47 679
724 242
570 844
474 217
475 640
854 396
604 611
476 962
919 704
702 208
997 412
855 786
179 309
363 560
234 840
734 577
695 709
40 621
458 452
226 872
78 761
887 125
30 636
308 326
94 307
598 99
302 412
907 842
30 911
235 651
805 267
933 198
660 514
365 260
757 514
118 196
343 854
221 374
653 937
59 500
334 702
616 651
266 678
174 39
324 23
88 292
58 708
511 354
461 521
481 203
465 590
942 40
747 48
503 990
490 43
666 54
188 822
318 893
905 906
46 460
50 819
270 960
966 365
490 186
309 614
901 802
989 670
496 999
334 459
376 189
339 307
895 302
96 204
647 667
567 24
132 775
44 59
599 683
357 12
399 299
882 477
656 272
516 985
851 426
618 483
360 399
215 223
559 572
181 239
110 319
646 939
261 327
155 972
156 419
48 284
600 793
53 534
877 743
368 569
773 316
132 436
526 668
263 526
745 237
942 144
280 494
635 842
708 918
394 602
837 822
844 214
801 441
544 762
337 540
925 435
374 82
994 401
429 681
263 957
623 443
537 851
661 730
21 891
152 966
62 329
853 66
34 351
436 390
597 77
1000 537
485 991
239 980
313 806
230 569
611 206
384 626
44 693
481 501
636 651
433 362
749 676
897 571
36 977
164 238
257 900
645 633
409 193
411 415
729 392
680 68
952 681
607 427
646 222
193 268
114 976
247 672
417 591
607 568
757 459
888 406
282 275
818 321
323 677
180 858
552 429
457 815
97 272
558 391
245 648
229 307
780 133
567 207
220 474
827 98
77 383
663 728
704 407
944 390
33 761
915 519
127 549
183 375
957 876
923 804
437 248
976 902
688 10
284 605
46 932
605 405
298 801
544 969
797 281
377 872
750 299
398 380
608 448
590 208
426 141
237 189
646 177
26 806
388 193
835 376
327 460
475 633
556 710
740 59
5 489
795 750
982 475
929 717
255 655
626 273
934 94
597 240
246 524
981 17
762 221
201 711
705 87
333 814
887 331
835 692
947 14
786 496
454 2
883 908
505 364
39 924
540 135
451 792
951 607
398 581
292 456
900 271
61 277
979 270
871 292
47 358
913 908
951 716
18 552
496 754
746 670
893 450
73 72
455 914
922 101
64 261
853 584
690 457
158 691
983 649
55 217
827 160
20 312
513 497
993 58
664 579
352 255
885 267
871 232
927 42
299 909
505 733
78 4
12 402
859 785
732 1
418 89
369 13
609 330
167 886
872 644
390 19
410 757
25 419
290 553
345 516
881 586
589 281
992 301
358 802
376 578
911 452
803 711
200 400
665 746
774 68
464 37
392 322
526 677
820 214
838 247
552 852
407 450
116 691
657 731
488 314
793 963
169 897
652 986
669 84
380 367
588 132
264 122
7 738
32 502
655 22
969 827
644 261
719 32
277 988
449 211
235 686
660 623
813 779
652 655
853 122
692 184
587 325
316 148
304 756
508 908
456 527
541 606
212 84
729 294
252 853
515 959
374 130
615 758
763 579
312 565
109 717
184 860
149 726
111 784
107 436
130 229
174 234
861 116
754 996
996 717
580 396
671 983
288 1000
642 251
55 82
854 888
695 109
339 391
914 903
690 606
30 135
50 705
882 438
591 290
902 459
337 107
410 713
530 794
837 686
458 769
755 45
369 346
461 138
778 92
210 394
673 866
732 267
181 59
902 245
108 976
110 2
384 706
419 504
467 787
855 188
358 892
377 514
934 396
937 48
15 591
700 577
866 441
227 401
339 555
66 817
29 443
584 942
714 613
363 337
662 628
541 256
65 463
757 954
937 19
991 480
5 707
249 139
433 508
749 302
314 585
866 10
244 906
631 782
174 949
302 238
167 991
791 62
383 342
615 875
874 291
427 50
840 623
602 850
440 893
292 230
277 150
641 755
292 885
439 230
28 863
659 787
325 777
816 214
10 277
660 172
162 440
326 751
837 590
315 666
353 579
599 682
159 261
900 261
968 89
886 442
204 257
87 791
578 530
618 371
802 106
168 17
128 389
772 598
739 541
59 639
8 763
6 410
640 480
698 282
256 372
703 15
262 707
377 941
33 137
324 920
916 708
555 12
727 418
164 708
644 334
775 359
612 218
320 458
730 141
677 386
793 712
109 192
47 636
39 661
721 454
298 273
669 830
601 152
618 838
967 57
515 584
436 391
994 505
99 199
355 337
467 363
87 335
910 171
736 800
18 803
772 200
852 894
445 288
302 155
396 228
79 815
746 552
420 468
516 324
758 147
411 414
273 401
19 853
425 622
304 361
272 215
420 343
828 436
393 142
213 277
519 730
685 238
138 371
214 718
914 956
367 420
741 727
254 457
873 487
84 634
802 829
382 355
497 971
319 150
255 187
418 165
348 422
632 233
187 16
345 600
570 35
59 554
484 53
30 505
930 187
380 102
643 942
879 140
811 228
579 64
705 664
837 920
550 576
233 306
540 685
523 441
549 636
159 829
109 386
146 396
536 828
720 41
464 759
691 600
268 959
160 16
217 33
442 902
481 596
854 151
677 422
952 155
387 168
631 35
646 498
155 388
925 696
435 773
364 118
302 324
911 746
933 110
319 269
865 424
758 477
61 163
728 96
456 611
348 689
370 985
296 12
473 692
131 986
336 856
577 318
504 222
340 332
499 93
864 107
188 776
10 632
620 779
846 431
897 800
116 474
742 306
11 926
853 770
387 976
888 34
873 306
357 865
358 442
665 81
680 494
357 242
932 716
293 858
996 415
392 747
445 736
483 437
929 307
640 138
141 979
479 286
439 658
216 153
618 331
450 201
752 841
308 223
510 797
313 199
405 671
216 37
752 728
933 637
148 966
13 886
593 392
422 498
333 653
47 995
801 219
341 130
379 51
489 919
555 84
369 249
612 3
947 734
180 183
405 839
826 737
812 972
815 351
826 848
792 672
731 597
770 607
47 39
197 374
804 674
148 846
455 706
210 515
1000 993
729 293
527 926
696 410
130 448
39 784
170 961
733 358
499 656
424 53
840 628
1 454
917 720
19 909
295 668
957 751
771 887
894 229
783 964
453 481
954 198
956 408
775 948
228 551
853 768
231 684
733 810
348 328
868 535
594 369
564 808
513 254
988 920
21 463
295 288
940 27
765 106
52 491
659 581
660 234
509 812
829 781
868 885
923 924
428 470
802 71
270 465
287 541
371 767
756 642
885 802
872 415
394 469
786 595
973 48
751 905
772 514
369 443
170 188
566 310
713 834
753 285
240 424
699 659
703 123
299 353
485 630
469 81
626 116
679 194
458 450
41 314
795 961
100 787
232 124
832 27
125 672
41 331
300 993
285 592
969 935
87 740
878 721
352 943
758 379
192 856
874 876
751 911
74 169
979 491
100 22
123 673
677 80
970 170
849 939
667 70
870 579
529 89
912 367
487 17
165 797
629 280
369 690
153 893
64 416
227 556
653 56
534 900
286 547
658 910
715 707
473 748
790 243
634 497
980 229
947 404
22 472
197 174
89 940
232 838
131 560
813 468
780 227
875 807
396 660
456 119
76 946
183 974
617 892
11 55
124 660
823 659
968 18
608 105
404 905
954 77
160 730
305 423
876 794
140 998
245 305
68 962
289 939
593 165
439 677
33 430
474 8
275 889
711 418
392 918
685 734
670 178
637 165
215 883
367 948
189 404
206 626
246 687
947 632
68 631
159 856
697 97
403 490
949 690
338 917
137 186
673 472
790 881
394 698
199 61
759 438
190 768
15 891
104 449
957 226
905 415
249 309
781 308
770 519
402 387
645 325
776 140
135 763
635 377
31 570
876 5
339 787
342 681
199 752
577 416
784 774
179 892
308 920
960 71
466 496
93 263
101 280
839 945
59 131
157 786
174 176
254 482
515 148
534 144
465 313
373 464
550 910
111 716
166 903
263 27
93 834
99 797
45 485
707 986
500 836
29 762
448 727
414 44
769 35
275 678
257 503
985 845
158 17
284 212
73 639
93 612
855 400
548 488
293 903
133 878
137 363
786 520
750 297
643 913
589 85
299 395
279 124
96 322
826 296
223 376
722 585
617 774
152 759
827 665
55 895
385 791
155 377
962 107
484 763
437 989
964 685
839 307
489 843
553 606
990 677
592 244
352 777
721 400
423 584
229 649
982 473
950 891
554 48
22 634
657 825
536 586
763 347
412 669
804 655
776 168
815 9
31 542
13 25
491 13
204 686
329 514
662 739
269 998
805 180
573 184
279 333
103 9
766 731
127 903
265 409
740 814
123 266
196 268
469 784
292 831
990 402
370 523
296 698
355 611
707 664
102 82
16 809
236 908
385 100
349 683
436 593
219 835
71 994
223 779
149 116
206 127
667 763
263 140
949 925
751 289
864 139
2 662
225 583
829 146
626 794
162 80
537 132
172 857
615 455
673 836
985 986
696 547
489 747
846 815
670 123
449 686
472 562
548 659
91 216
37 925
792 229
779 719
209 373
198 789
295 928
511 576
310 533
96 673
122 929
103 998
935 179
848 219
173 968
856 758
213 71
398 235
754 237
403 659
61 515
434 263
369 986
61 996
446 678
819 136
213 153
757 988
776 245
209 834
911 713
182 715
511 21
347 988
577 511
575 604
300 642
891 667
286 693
987 695
783 515
753 670
662 688
847 380
350 316
706 524
947 266
904 528
6 711
631 586
814 222
527 703
844 785
962 952
335 174
340 720
14 913
663 316
335 863
83 174
945 63
624 506
111 772
179 572
149 39
429 375
215 298
552 758
475 217
602 830
708 505
506 817
859 895
653 430
83 53
954 25
135 314
603 370
87 93
385 403
629 522
850 809
120 502
609 566
332 187
121 269
685 761
696 686
513 776
994 943
42 480
190 184
561 516
100 861
934 299
57 229
366 345
387 86
932 850
602 75
986 170
952 118
458 451
991 191
247 223
947 829
674 991
911 926
612 183
986 972
491 294
990 780
338 655
411 249
730 457
311 576
278 267
923 66
815 80
843 978
567 691
112 191
43 695
7 510
763 496
691 79
10 430
783 615
71 465
743 291
410 85
710 40
309 833
404 555
581 277
287 158
918 20
962 924
665 781
943 579
665 251
791 399
387 605
696 208
367 386
615 216
567 21
664 964
941 448
882 647
660 280
399 308
202 806
556 153
975 609
638 997
237 948
774 115
261 324
796 123
747 671
176 435
765 367
569 444
142 795
844 209
39 433
868 223
705 814
977 961
136 127
670 508
87 538
686 632
772 404
630 480
247 848
69 592
471 808
460 575
613 591
597 74
395 326
31 660
947 55
841 666
22 953
313 811
98 19
706 338
691 58
250 214
468 129
491 32
45 649
291 230
295 726
331 665
775 584
80 935
762 335
339 242
379 929
909 770
899 372
993 113
730 308
12 139
902 108
125 270
789 333
37 552
276 368
793 906
41 685
716 774
128 807
759 864
336 698
195 241
432 237
140 694
931 133
163 879
6 10
8 812
478 916
281 504
543 496
287 390
105 28
896 171
247 354
457 671
993 573
314 493
478 866
43 227
371 750
377 877
673 808
160 965
530 766
263 468
544 571
321 374
48 650
692 355
142 836
15 510
398 498
716 345
988 534
772 731
773 174
691 557
581 579
233 531
949 493
753 292
423 163
89 236
218 264
626 445
222 304
42 218
725 455
504 693
515 842
928 23
530 183
769 825
832 435
143 233
613 530
9 892
853 99
13 860
71 234
238 553
136 377
209 869
531 336
517 365
648 404
815 8
912 281
587 153
572 275
700 472
370 983
903 725
960 53
689 585
926 782
710 225
343 904
642 321
666 331
207 105
45 894
771 140
221 93
672 583
323 757
861 414
535 808
223 997
741 632
764 719
16 953
185 982
781 653
704 502
690 697
589 389
59 874
498 390
281 468
390 22
379 393
343 18
25 991
444 919
564 628
964 206
342 366
452 506
509 759
612 691
828 781
924 588
157 91
643 908
150 976
337 703
321 338
449 261
124 129
510 914
632 596
373 622
742 553
229 970
744 935
677 614
199 230
455 120
72 370
27 401
501 458
949 370
813 493
937 282
994 349
108 435
271 395
795 773
977 666
584 772
36 679
558 117
923 121
248 581
598 293
265 631
69 441
142 77
329 260
284 826
928 8
378 827
2 277
244 440
575 940
717 999
396 61
509 388
145 763
681 473
790 213
296 889
979 156
658 571
291 190
405 426
962 953
121 373
70 334
453 350
736 278
387 608
249 665
984 548
968 361
552 360
880 597
519 284
6 881
558 450
686 247
393 588
324 92
696 222
613 466
79 458
7 89
655 669
358 311
819 771
270 693
197 635
608 62
55 333
148 81
134 100
362 717
953 358
807 327
924 245
797 301
264 684
137 418
764 151
490 517
226 856
290 640
309 228
60 814
167 202
850 584
284 422
268 867
584 356
217 893
398 426
881 294
96 846
764 117
551 49
276 561
79 276
602 507
910 432
252 688
143 259
695 886
130 638
593 660
406 723
190 874
265 689
160 457
34 243
701 196
147 693
670 764
606 317
607 100
757 959
4 377
523 911
586 265
537 971
283 339
801 658
169 344
939 876
228 813
88 296
435 573
239 515
676 744
909 797
838 141
975 44
135 853
597 602
908 475
919 724
516 528
175 677
839 642
552 324
315 302
101 337
980 564
966 515
336 366
137 659
64 925
599 679
659 754
388 548
487 28
431 902
358 674
713 433
544 929
254 610
792 175
258 791
747 648
150 809
101 847
941 626
449 348
682 866
20 269
114 96
367 950
741 197
764 42
132 214
498 914
482 271
561 688
639 799
895 737
232 983
631 171
943 351
356 411
468 829
187 927
446 748
251 276
749 493
967 58
18 911
146 216
387 222
709 911
50 316
74 753
753 543
477 859
300 692
407 112
728 135
213 961
373 155
330 111
118 966
447 820
418 538
588 738
257 920
700 420
904 615
113 965
425 706
338 293
672 717
175 490
378 738
624 214
619 77
237 166
737 26
75 671
576 408
760 357
188 982
107 270
223 896
166 901
999 271
491 764
684 293
667 529
860 230
272 519
400 588
555 528
332 911
719 813
480 762
499 134
341 695
508 200
436 669
879 427
556 126
816 979
581 733
492 724
864 677
423 6
171 41
617 9
502 517
546 23
507 497
990 527
155 605
29 60
394 491
677 537
632 569
242 335
356 345
379 40
398 98
130 772
204 149
740 39
298 222
155 379
947 711
414 648
401 223
938 14
613 640
709 833
411 898
928 40
626 269
331 235
423 731
782 38
160 497
87 686
318 173
207 421
730 398
827 760
987 488
995 830
943 198
465 340
112 248
639 196
145 286
843 451
360 968
679 814
847 440
188 779
764 319
841 119
491 954
76 996
585 462
686 105
672 951
414 364
1 153
257 55
115 231
297 790
64 551
547 178
486 322
440 483
438 481
498 308
336 679
347 825
488 866
987 344
147 401
172 196
719 694
501 917
826 883
935 701
924 431
436 992
419 754
428 196
77 978
778 55
410 587
214 149
821 499
138 756
760 539
997 274
87 270
18 275
312 12
683 15
26 774
961 353
289 300
837 267
169 790
549 571
724 585
74 669
695 877
130 923
317 487
204 550
752 264
200 959
347 816
352 902
494 705
278 498
668 14
27 190
50 373
60 318
724 277
598 314
577 40
822 878
622 684
886 97
210 766
890 108
446 902
732 671
659 561
108 225
532 771
112 228
64 71
213 618
16 474
71 636
109 713
947 445
453 204
419 116
41 970
686 26
746 769
249 815
767 149
490 67
681 26
776 642
67 727
666 750
846 335
918 567
124 627
662 365
867 929
764 579
836 48
121 485
968 72
290 76
972 560
421 314
731 893
120 393
798 140
546 381
388 931
968 215
306 802
128 14
60 969
295 178
668 648
318 273
694 988
972 790
42 356
918 660
760 712
337 777
808 938
426 199
27 882
952 393
610 765
682 798
683 107
740 104
43 968
887 203
730 2
877 945
368 335
994 655
367 627
997 488
446 358
599 292
912 678
658 438
894 864
933 880
721 478
174 620
467 482
764 340
748 817
608 485
160 796
517 386
5 972
815 237
730 471
852 97
161 976
678 159
350 508
614 793
786 308
18 842
862 91
184 542
866 6
942 339
856 16
218 773
649 581
176 557
526 317
660 902
152 688
222 980
832 952
852 427
410 194
556 899
83 110
664 737
121 167
496 909
704 226
262 462
539 383
830 466
589 665
914 709
555 777
662 47
224 7
540 454
975 476
232 626
125 473
897 926
366 989
47 972
873 271
230 188
380 777
825 620
992 395
573 674
423 319
137 658
194 581
928 546
361 204
676 6
20 953
25 997
299 130
142 588
551 912
869 635
113 748
404 335
722 318
315 636
780 546
659 467
878 197
660 120
534 529
51 259
336 28
579 104
854 306
746 475
858 177
218 16
418 494
366 392
665 599
48 639
433 967
55 856
274 241
437 675
691 576
753 143
75 487
340 531
891 25
881 255
948 192
549 707
424 316
601 156
855 531
434 205
113 266
350 73
633 563
575 688
668 118
283 16
212 426
605 557
531 310
53 646
331 300
98 17
575 513
504 1000
430 464
539 112
101 815
763 414
50 31
77 443
552 229
696 11
573 145
477 124
116 300
334 671
28 618
505 371
602 439
917 676
258 483
338 181
680 216
827 155
184 903
559 704
391 210
799 209
950 869
970 641
650 515
618 159
272 489
141 650
185 952
42 979
428 228
68 3
486 310
548 309
950 97
555 531
383 906
132 736
779 75
824 709
289 987
362 755
71 491
902 407
736 935
835 551
194 984
232 155
730 646
472 682
915 1000
94 801
350 719
646 904
902 38
704 825
466 740
747 893
4 728
795 767
902 177
760 512
1000 47
220 351
796 173
801 51
721 806
789 594
792 426
61 763
902 979
83 799
170 714
739 872
5 468
451 78
303 147
472 149
625 113
520 483
773 991
687 684
78 933
231 397
308 682
94 159
445 495
991 292
79 670
539 245
529 405
808 328
805 32
495 718
593 782
351 554
671 587
16 511
217 832
24 922
775 537
23 212
829 78
233 484
529 183
452 770
116 439
813 375
101 549
396 242
413 617
676 49
953 581
168 488
21 435
745 466
317 729
653 351
341 558
884 35
98 1000
673 654
836 846
551 634
509 915
437 182
521 675
595 782
392 617
393 816
920 63
629 563
208 241
375 895
638 803
446 165
106 901
886 432
422 276
850 175
175 772
655 974
33 107
309 142
864 603
324 695
891 370
660 935
882 83
679 646
268 968
329 718
721 352
28 575
155 326
661 684
406 46
294 911
276 654
317 486
636 772
359 623
895 521
364 967
91 665
863 425
226 928
9 670
156 987
31 729
808 75
202 137
754 458
60 319
905 468
420 433
567 680
82 525
696 303
258 52
607 187
455 702
938 660
758 61
745 882
106 956
914 429
594 665
313 978
478 500
600 58
380 462
879 840
795 323
193 533
16 106
658 569
823 273
275 807
511 453
738 267
131 843
123 872
511 314
810 799
206 188
98 541
174 350
551 168
962 857
49 208
275 626
257 387
945 140
408 17
713 266
399 477
292 643
646 822
295 220
137 710
911 438
60 970
538 726
885 701
205 976
444 949
690 957
363 891
418 344
493 244
898 26
977 175
650 31
530 569
858 218
397 730
843 514
597 619
219 364
39 57
484 856
838 891
211 41
878 8
644 448
298 4
320 628
730 3
87 386
683 251
649 63
133 214
847 8
328 196
356 481
861 422
824 51
532 492
56 413
26 573
193 4
89 249
798 619
825 463
611 506
648 112
867 68
887 409
249 285
50 278
450 540
285 993
18 824
93 404
353 335
409 901
107 216
36 852
383 127
19 606
352 641
210 739
391 442
874 522
359 454
625 500
633 993
514 842
987 854
861 177
476 209
996 904
980 497
444 311
980 225
49 385
14 961
885 172
651 428
842 337
326 966
607 595
60 384
704 274
283 913
168 591
685 22
244 506
851 338
827 398
193 908
267 133
814 855
396 615
290 254
54 79
42 911
686 384
581 854
231 605
720 518
516 967
394 776
641 178
169 37
498 95
835 100
85 525
730 850
214 355
113 892
441 965
206 711
29 86
267 577
967 16
204 28
632 543
636 511
963 857
857 510
142 798
968 545
761 486
627 740
510 936
403 494
647 563
338 957
228 859
394 727
787 84
665 456
773 761
891 871
251 185
400 439
438 731
238 929
277 799
632 876
229 738
216 191
812 807
429 581
247 962
307 409
914 211
79 645
527 941
513 12
182 694
74 7
496 493
964 153
996 320
537 598
59 278
408 542
460 879
465 136
226 428
135 810
504 54
153 127
653 314
196 443
306 423
520 815
974 541
941 127
135 200
102 5
343 293
823 127
148 309
629 828
45 219
266 152
431 838
582 386
932 725
861 345
901 546
663 583
334 203
110 370
917 200
205 102
208 278
778 142
986 301
345 419
396 873
994 880
77 44
243 316
709 672
688 159
891 504
980 927
530 750
363 835
418 384
383 474
904 455
461 478
669 217
564 433
285 208
949 121
536 146
384 655
494 350
332 77
879 784
578 277
940 396
358 825
788 59
237 72
493 990
220 826
226 699
652 899
299 443
821 800
237 473
627 625
618 788
782 181
735 699
914 164
827 653
722 905
905 447
445 494
196 948
14 381
766 674
222 224
540 157
672 269
601 409
675 958
35 479
460 828
193 512
11 550
999 873
473 703
292 183
64 492
616 713
376 430
799 406
988 333
883 545
645 744
852 492
603 942
586 176
714 461
92 425
322 518
942 213
762 333
20 685
917 409
336 522
176 931
140 710
567 41
346 479
552 286
755 601
153 373
618 3
410 588
485 8
180 602
822 409
474 315
646 843
524 307
46 603
291 121
516 927
833 737
924 728
91 175
95 623
643 681
987 781
893 366
959 44
608 482
994 903
170 197
862 709
670 142
870 223
711 550
604 918
952 495
146 346
811 84
705 713
777 196
173 947
545 96
999 441
439 337
976 420
722 696
501 471
397 316
181 741
26 550
855 613
456 7
933 811
97 603
558 696
523 791
729 14
141 514
700 665
938 29
97 948
948 479
588 838
882 615
539 138
170 571
317 824
451 762
322 750
306 540
843 272
530 96
44 635
874 422
250 380
58 555
758 220
706 955
93 868
303 603
59 956
956 183
850 334
867 628
448 966
345 942
92 397
555 815
558 86
816 337
969 181
590 807
383 623
60 406
41 746
633 256
689 54
176 79
339 397
995 85
68 38
2 711
8 792
150 439
462 453
632 198
393 706
802 894
72 415
418 119
555 602
93 567
21 458
224 714
428 316
397 779
996 271
104 927
142 737
306 947
21 684
738 942
479 800
445 624
693 154
540 34
950 799
437 476
298 437
80 55
934 176
639 919
360 199
523 452
542 288
356 275
677 519
679 249
891 127
32 40
89 456
91 631
221 572
978 166
706 424
448 344
982 261
786 16
919 300
687 816
729 106
857 93
969 571
625 137
253 394
244 609
373 899
191 790
801 550
697 49
610 174
387 389
989 566
429 770
819 390
623 864
184 655
349 43
905 721
836 707
670 820
527 622
219 707
457 218
926 980
672 531
162 609
292 236
511 504
287 634
230 556
813 446
637 538
103 162
360 464
71 640
220 655
307 747
956 441
6 848
507 217
660 437
976 514
567 390
846 75
171 433
465 156
205 210
759 559
121 963
711 712
323 155
43 8
725 604
301 720
87 323
664 492
617 332
32 342
398 389
191 374
284 52
878 404
771 115
958 44
687 758
800 986
804 946
550 138
825 377
263 530
246 509
504 524
800 492
606 397
164 416
826 789
477 807
773 778
408 978
136 321
989 819
51 110
914 208
19 524
947 168
697 913
809 79
297 355
960 45
756 328
598 467
981 457
819 482
69 271
913 921
884 644
776 495
183 904
554 556
858 906
969 19
571 291
992 220
899 376
719 155
245 736
905 943
286 290
572 847
98 962
990 505
396 693
970 542
594 162
776 811
172 76
689 126
177 290
953 449
3 9
763 265
748 350
129 667
50 643
470 792
897 154
242 923
205 101
775 153
745 48
818 182
945 694
92 474
470 139
293 898
849 18
483 492
214 140
90 150
937 759
574 764
497 184
43 116
940 510
694 821
436 45
498 802
579 215
769 531
256 586
440 151
597 423
816 530
212 635
886 947
215 624
551 506
385 923
246 430
799 972
808 529
835 550
648 186
904 4
958 347
946 387
70 779
697 723
459 768
192 901
47 9
754 567
593 322
444 43
653 921
362 492
37 180
991 695
10 768
537 471
583 361
783 603
127 61
532 985
62 680
379 976
620 242
785 323
658 979
453 213
664 684
476 712
446 317
743 879
112 705
659 833
752 493
475 466
259 370
666 105
171 573
153 90
174 452
162 280
92 89
98 940
791 435
767 355
245 629
193 986
358 444
91 275
736 108
557 18
280 962
941 499
689 410
171 747
770 343
759 234
778 208
841 688
275 310
688 45
671 316
565 729
431 853
306 908
954 864
441 130
882 726
380 128
223 458
744 227
670 690
284 350
270 281
116 824
539 720
544 714
543 532
748 554
825 215
535 900
630 514
132 169
834 31
284 124
91 618
238 362
540 941
934 199
20 159
726 896
861 743
574 174
304 796
801 424
880 431
112 57
735 99
517 316
502 907
424 389
959 619
191 765
75 316
987 942
179 157
329 264
535 328
666 649
938 658
723 984
317 823
863 666
763 491
47 402
607 202
921 509
204 719
832 32
724 502
965 780
359 45
732 521
714 12
41 162
754 829
149 735
706 952
448 936
692 763
343 537
144 433
443 111
617 616
478 645
233 343
201 177
93 995
11 944
357 430
641 281
438 81
332 748
111 116
746 46
988 999
384 157
647 972
758 665
465 38
896 248
607 940
59 650
940 17
414 248
306 801
898 573
977 28
814 633
34 951
481 20
25 552
209 736
726 480
270 330
163 662
367 926
777 150
299 470
480 810
673 69
694 765
697 79
341 922
479 193
617 480
126 910
930 479
368 322
540 770
835 956
640 680
509 596
271 378
498 588
227 406
194 373
655 480
658 452
554 245
117 363
374 74
784 626
549 830
278 19
145 40
164 284
37 106
874 761
467 197
468 106
456 594
753 812
144 126
828 218
593 827
672 310
377 48
231 181
639 264
876 174
17 135
398 516
115 612
60 35
89 533
988 391
37 477
224 316
97 34
905 801
927 292
784 62
868 119
596 92
975 40
437 280
232 742
124 972
196 321
434 586
537 267
228 626
619 387
343 259
534 229
991 835
577 907
912 115
603 695
806 1000
951 241
903 114
817 245
12 593
430 704
90 913
432 478
346 263
664 160
884 315
656 708
967 856
881 523
111 106
354 653
145 575
273 625
863 540
55 627
246 566
122 512
910 711
214 208
397 528
859 237
73 816
884 956
670 340
411 668
412 124
534 886
445 885
156 200
963 744
834 15
644 309
943 347
104 440
371 198
717 778
678 988
511 869
493 794
333 945
942 545
587 402
473 790
221 688
576 929
539 343
117 335
190 661
565 503
859 398
348 565
40 254
502 266
586 297
771 505
573 61
867 320
176 637
193 433
12 355
585 919
178 39
306 240
893 880
511 185
187 351
727 857
943 780
891 567
710 9
385 92
933 294
611 980
405 381
244 139
980 263
549 278
165 541
119 958
548 82
861 437
994 287
794 510
569 154
102 59
174 404
675 81
219 893
681 576
388 742
335 899
410 630
160 653
687 231
223 563
703 741
125 845
971 693
206 694
962 464
418 57
177 924
677 875
753 509
882 219
845 37
539 838
725 639
816 821
212 934
161 480
972 936
773 169
436 707
299 286
657 640
503 135
565 184
472 233
308 407
847 802
78 825
411 902
957 175
5 354
209 719
356 522
914 162
95 239
188 451
890 229
722 193
398 964
417 929
112 109
330 60
244 602
136 717
544 218
503 715
294 546
814 341
410 103
249 53
875 153
892 793
197 445
183 894
165 735
90 54
166 616
117 246
500 226
664 685
991 997
210 90
879 644
416 687
918 832
154 949
854 834
893 808
215 284
96 140
495 252
578 768
996 567
966 252
337 246
659 705
162 507
113 591
864 129
662 308
850 940
984 794
336 441
190 420
962 389
366 102
543 352
786 565
747 717
307 712
894 652
648 652
466 711
397 967
474 202
33 386
537 606
403 74
29 28
285 178
489 527
769 717
810 581
139 408
172 516
375 15
912 815
341 940
458 425
688 351
427 478
626 474
254 301
782 151
89 124
399 12
146 141
813 771
316 829
597 156
501 715
506 159
783 363
417 963
456 567
352 760
776 330
122 478
344 844
829 994
553 120
212 959
210 653
925 808
418 606
537 524
776 424
979 183
163 494
550 750
519 629
477 232
872 812
616 950
310 498
441 385
996 757
50 919
968 366
128 885
571 219
935 602
659 876
932 664
550 859
832 540
580 170
102 850
432 170
772 836
992 338
46 424
237 82
822 234
282 662
281 548
46 996
640 109
713 617
205 189
924 941
712 303
419 867
5 230
354 456
122 604
264 90
363 666
111 420
539 703
117 935
688 391
160 224
35 972
255 617
844 58
937 488
117 584
905 105
706 55
544 326
801 361
450 889
695 845
937 377
868 263
942 522
818 556
963 557
296 286
316 193
423 671
666 559
352 533
334 997
745 962
616 470
563 722
182 171
202 59
832 158
203 114
646 308
75 904
404 209
164 543
120 783
451 617
112 403
165 663
723 213
649 730
918 7
232 856
452 837
163 394
720 957
828 424
442 223
940 690
983 524
505 693
641 715
37 574
957 765
704 277
335 825
999 486
361 406
366 993
920 301
888 97
542 932
917 445
581 962
429 341
547 78
163 889
609 281
276 440
115 80
116 831
558 338
444 886
784 507
785 854
935 348
183 411
738 714
43 364
6 112
318 678
543 427
926 33
695 380
663 770
251 894
323 157
678 529
955 112
812 335
959 8
820 456
1000 55
747 802
877 879
509 555
864 518
777 177
81 364
711 488
77 198
339 678
42 81
961 301
320 794
587 695
860 565
292 267
264 58
374 181
48 849
279 858
560 489
907 865
530 220
415 610
588 938
723 693
351 796
189 81
453 641
246 98
433 391
655 372
477 854
466 920
776 157
929 336
951 626
351 951
574 463
709 684
487 50
219 688
607 269
850 498
450 478
231 41
343 595
35 258
575 562
663 412
837 153
857 635
605 237
914 658
366 675
923 608
619 465
379 788
676 104
3 478
214 272
63 598
390 258
928 933
879 720
300 279
755 862
884 122
958 705
758 599
618 42
99 557
275 687
927 970
530 971
747 595
875 550
362 767
788 503
78 211
850 856
318 322
120 453
301 528
531 591
470 137
591 403
3 922
428 405
285 60
233 763
531 700
180 278
266 739
898 661
204 428
96 557
544 561
91 866
612 384
151 516
834 902
467 723
602 154
177 893
204 400
57 807
385 872
543 762
264 71
29 345
912 851
341 103
514 955
198 432
218 274
915 424
423 577
912 738
252 757
71 83
769 819
536 546
170 288
943 495
909 267
89 400
114 581
189 117
545 901
31 630
490 660
736 708
66 857
482 848
677 17
805 44
404 651
26 133
378 766
102 408
895 996
993 437
331 745
260 742
338 258
16 2
2 45
240 736
701 877
306 503
651 672
609 246
206 164
211 334
841 73
693 862
439 806
26 82
297 793
172 419
323 435
449 802
945 101
529 614
180 950
922 447
29 727
525 754
582 493
215 140
401 848
589 447
384 419
665 471
730 759
310 735
175 958
270 594
129 786
410 877
767 641
788 122
518 167
702 448
462 156
25 594
341 936
474 203
682 916
845 456
540 538
691 926
398 464
809 559
541 96
579 181
590 471
60 614
385 884
351 33
243 680
136 174
449 57
81 933
363 479
643 545
436 289
754 228
338 787
70 730
290 826
576 635
353 438
705 921
479 274
706 498
283 47
711 103
492 150
458 27
184 159
904 945
616 507
982 734
876 53
624 934
36 828
865 460
73 767
350 404
226 158
248 442
283 333
583 190
595 41
382 773
530 341
279 249
139 394
715 735
143 798
28 16
554 595
828 22
71 119
832 81
390 537
192 304
473 156
892 941
362 224
895 478
664 650
257 884
470 666
474 585
954 351
514 898
612 855
573 439
900 921
556 513
68 161
988 114
591 23
884 3
371 112
802 778
288 72
366 949
537 79
997 893
285 337
845 825
976 936
686 475
992 480
711 848
592 728
738 826
741 457
263 399
266 433
711 737
677 849
306 942
769 270
828 815
355 787
479 219
232 102
894 422
967 520
143 250
539 350
639 912
231 831
416 236
237 124
590 384
762 557
485 638
839 355
109 66
866 479
60 522
818 602
75 79
57 968
60 505
669 849
411 65
677 358
166 342
830 860
812 831
100 633
856 503
430 334
13 158
126 761
311 601
222 44
800 270
948 446
876 168
291 866
218 782
776 502
631 694
192 237
472 755
541 405
783 669
737 903
280 576
44 489
154 89
482 634
581 286
515 160
129 365
745 541
248 35
947 640
773 433
969 197
755 724
779 324
361 405
36 379
336 418
257 114
832 714
1000 3
121 629
672 867
555 554
996 456
267 790
371 746
146 989
755 99
223 729
524 502
360 505
968 248
275 368
815 874
621 583
897 349
596 160
884 475
289 141
882 4
645 541
632 547
389 186
7 639
545 444
428 720
267 722
790 926
190 46
835 279
583 685
859 397
398 59
773 85
152 929
959 894
66 251
782 221
485 739
584 279
739 192
912 676
711 158
415 621
456 914
288 686
421 476
815 140
322 563
674 732
605 552
515 704
608 397
57 710
100 748
908 945
265 945
291 945
974 662
520 185
979 380
248 498
502 443
418 532
805 152
330 248
466 488
465 576
992 864
187 462
525 410
748 765
969 16
742 271
689 145
391 201
2 346
367 318
352 237
728 632
124 577
569 948
301 877
105 116
330 392
422 515
404 10
135 490
513 62
474 466
592 529
506 326
777 609
85 700
33 465
950 388
736 193
347 241
11 863
43 216
691 788
488 441
312 135
557 495
655 870
712 360
142 847
107 310
459 68
61 645
209 402
584 674
233 532
52 120
950 593
256 589
976 444
469 120
30 531
948 50
660 750
899 622
703 264
576 479
778 593
339 637
599 491
570 735
189 3
1000 720
964 843
1 821
787 850
24 711
960 366
118 26
996 645
548 463
467 255
361 896
297 736
986 673
153 908
425 663
875 155
144 57
712 852
112 333
495 570
50 143
733 394
370 688
633 83
528 494
311 69
232 544
953 512
720 789
242 585
543 191
273 905
971 996
145 860
276 386
86 553
825 229
309 326
915 333
837 324
298 888
544 880
63 184
638 804
234 534
19 582
171 11
387 228
228 286
485 52
180 491
291 288
203 954
76 132
235 827
591 373
117 961
388 175
228 430
70 569
380 353
751 850
510 996
518 337
542 347
284 127
972 172
702 29
189 182
136 62
725 484
194 364
306 6
329 467
118 247
104 441
800 116
680 714
537 839
38 276
386 813
444 91
118 102
464 889
191 766
98 10
433 462
734 473
986 530
992 603
844 724
39 954
559 67
27 978
725 183
446 904
788 642
18 755
538 458
701 942
540 364
624 133
770 233
364 384
737 890
115 570
116 353
27 752
267 289
840 637
935 886
793 809
745 544
230 424
542 575
889 769
525 307
174 355
529 944
509 80
813 120
337 327
287 849
127 534
720 640
737 294
793 244
426 503
190 335
274 570
340 813
396 975
301 312
699 238
405 887
138 18
266 47
567 303
660 243
163 957
220 698
848 371
833 705
816 913
108 955
695 395
437 439
424 778
149 483
43 32
685 753
411 516
871 714
803 634
74 886
971 460
996 230
994 935
689 636
265 79
253 634
160 883
640 397
15 63
19 56
65 778
105 537
768 481
73 858
558 15
142 33
159 909
844 395
846 895
612 191
943 305
393 461
433 520
431 13
131 497
74 266
365 505
347 330
944 973
155 71
341 368
566 843
539 253
83 681
959 648
709 549
13 238
987 911
550 479
979 355
317 856
841 326
724 210
507 694
715 365
753 690
738 198
421 746
114 876
779 520
746 589
49 299
257 806
926 984
908 67
766 283
343 574
165 614
997 557
871 68
141 509
111 691
22 320
188 952
158 768
680 256
310 79
422 917
295 409
243 570
121 741
803 921
349 909
741 988
55 735
976 804
411 627
803 649
593 45
209 292
691 936
695 540
261 110
299 311
29 194
530 425
87 460
308 15
848 211
133 164
134 391
670 341
375 497
426 739
217 979
611 319
521 11
316 897
669 899
144 530
877 125
808 569
222 495
632 881
264 139
283 121
697 699
754 444
256 831
723 695
8 176
909 374
32 790
490 702
696 381
330 7
170 620
190 619
218 880
757 781
361 564
362 263
96 45
328 395
974 518
685 433
266 577
747 120
236 643
532 944
844 962
993 24
650 811
226 425
597 297
652 141
747 9
455 816
637 322
760 41
490 133
272 336
111 727
883 358
352 238
23 541
163 134
521 824
315 323
728 519
225 453
435 986
116 797
194 931
671 183
451 16
125 217
333 44
781 785
172 878
90 227
966 768
699 903
593 248
993 678
548 608
198 346
811 222
798 1000
322 33
110 392
345 320
756 24
403 416
869 317
467 725
48 529
583 515
15 119
255 594
203 255
838 278
190 971
137 221
406 960
621 477
144 751
146 21
771 277
117 526
498 512
942 977
340 836
718 44
900 77
278 489
908 624
411 8
485 919
235 844
780 579
131 38
39 960
905 563
231 361
199 836
557 525
739 298
544 820
979 283
986 364
89 545
787 672
2 184
353 84
314 260
871 430
818 54
748 315
954 470
257 930
847 385
633 13
211 483
28 763
1 353
292 800
899 344
349 305
222 545
563 743
529 971
508 406
951 20
817 80
177 497
716 802
262 170
102 949
122 476
785 643
578 910
29 838
341 596
712 88
842 711
185 184
421 299
777 924
428 484
525 978
205 150
333 417
225 824
401 513
897 388
555 160
24 976
670 139
507 3
345 348
716 373
151 461
259 524
997 364
577 136
865 774
260 98
844 715
604 689
240 356
277 993
739 138
627 961
701 346
443 566
354 103
765 851
777 838
544 11
214 210
139 686
623 730
714 84
184 521
113 421
866 125
830 896
451 737
359 472
179 782
127 76
934 930
520 882
60 27
922 938
232 976
49 270
602 978
328 451
700 107
227 907
504 4
547 488
475 729
805 800
50 179
690 480
379 865
841 20
746 923
310 96
202 553
816 293
284 843
190 124
162 427
606 566
659 176
561 119
802 891
34 209
716 981
256 91
798 992
872 747
319 208
279 478
512 268
237 967
630 709
366 149
350 766
549 697
300 259
798 6
730 888
326 315
306 940
248 963
63 44
176 384
570 848
904 388
262 722
123 142
341 827
747 968
860 649
934 288
937 604
4 813
706 131
190 48
428 893
855 806
343 678
402 96
666 821
357 784
319 741
565 253
143 267
939 408
423 523
597 204
798 621
796 86
65 452
250 72
365 393
944 876
282 847
891 705
452 531
18 837
862 66
439 311
991 378
758 19
266 731
218 780
519 948
398 233
415 463
199 548
112 406
944 729
357 636
512 829
343 569
310 290
790 120
295 698
496 900
831 836
482 747
972 255
487 382
499 404
528 70
201 290
318 587
126 893
132 779
423 308
867 962
798 320
987 153
660 289
326 761
402 625
607 908
24 3
923 965
410 816
676 523
695 377
609 760
603 530
47 160
693 328
805 703
540 557
906 131
413 433
422 417
261 109
531 899
146 415
185 323
518 399
117 952
337 520
816 72
543 1000
982 88
342 874
68 941
243 787
688 644
139 776
963 522
179 59
770 618
130 717
717 519
226 98
133 470
231 503
711 41
734 474
536 743
829 62
334 964
852 129
924 278
726 686
468 138
35 633
861 973
223 707
934 923
61 261
156 575
602 539
36 965
871 389
40 431
517 93
904 568
695 282
139 293
534 174
81 598
667 971
281 52
724 776
555 874
7 507
548 173
733 247
828 685
333 201
23 653
427 780
440 315
488 782
710 713
715 805
286 80
716 541
923 929
432 964
876 903
566 923
616 325
823 569
882 215
898 656
641 310
693 336
851 688
981 737
129 582
612 387
554 260
717 888
540 727
43 777
407 488
279 270
29 342
982 100
269 455
786 179
15 231
187 834
389 958
66 221
263 917
179 486
558 613
523 737
835 531
880 440
324 543
899 782
350 44
333 802
834 329
271 48
930 852
199 825
718 987
717 700
994 3
23 15
409 399
580 733
487 194
531 456
718 842
679 704
266 609
596 162
16 502
914 467
196 738
650 893
614 570
979 139
488 686
514 284
36 72
845 718
348 938
467 797
367 966
443 70
653 142
59 50
361 648
187 93
996 733
633 253
597 538
112 700
723 492
177 496
253 69
884 89
336 671
851 272
124 726
241 534
77 232
959 286
707 817
286 76
949 788
76 416
883 16
519 102
209 474
731 196
659 419
253 280
949 451
958 941
651 775
564 492
221 743
684 995
346 29
578 434
369 404
800 714
263 586
644 537
518 344
475 544
99 332
905 1
329 749
247 92
85 289
640 338
590 474
147 226
389 769
218 501
350 238
521 66
260 242
65 78
126 881
331 143
481 766
942 605
377 317
910 255
531 262
365 420
978 977
870 707
908 435
583 42
917 914
611 165
259 88
562 355
193 460
10 419
236 294
164 219
572 200
956 111
353 6
891 22
173 275
800 451
912 141
515 56
476 196
634 480
525 79
982 814
698 517
572 46
511 450
847 100
558 233
282 300
953 593
49 162
154 210
475 309
811 703
719 94
222 514
478 680
989 292
78 629
520 655
194 368
931 247
625 926
129 81
438 453
479 763
98 886
564 819
86 587
663 901
595 819
708 114
594 393
759 577
781 927
825 939
203 971
475 878
725 578
667 307
600 953
336 375
647 695
85 340
899 650
87 689
783 4
986 176
860 665
165 381
648 793
441 765
170 453
265 303
468 802
844 389
259 265
925 708
85 39
887 406
943 416
377 473
677 244
347 901
773 675
890 25
545 578
415 680
640 890
663 150
192 113
857 833
554 931
792 980
387 280
245 500
353 357
303 660
417 717
148 587
594 519
978 358
995 604
91 965
547 391
468 452
624 306
788 923
606 870
79 226
600 315
361 265
569 812
987 589
186 228
357 861
270 892
646 948
611 746
814 845
708 432
175 797
436 531
309 267
185 789
186 454
99 891
23 599
185 134
516 974
422 629
82 262
580 25
963 147
945 652
604 135
312 383
682 527
65 601
66 306
708 229
852 248
753 468
55 590
920 952
811 244
848 127
42 458
189 425
744 32
782 390
587 730
329 830
570 996
717 851
792 342
995 369
319 926
673 469
711 373
289 492
167 455
541 214
49 824
640 55
525 228
552 185
71 248
53 541
751 618
160 786
365 355
994 397
297 75
118 61
445 953
247 987
363 765
271 904
682 318
296 141
98 41
210 559
445 308
66 523
715 442
255 77
674 177
810 410
207 238
118 991
909 86
272 37
824 286
758 239
351 591
120 815
585 875
932 24
236 765
610 430
477 229
188 888
563 796
586 135
897 720
148 478
168 500
278 873
908 496
383 604
45 67
871 251
999 262
324 14
950 206
793 1
902 365
941 393
376 853
289 866
446 850
372 385
634 988
38 758
115 417
254 16
197 715
181 214
668 297
493 292
969 667
869 89
881 699
733 698
368 594
459 365
780 5
520 528
446 117
393 79
207 784
440 46
350 977
895 760
223 242
207 793
617 419
692 395
105 727
325 686
345 96
95 52
622 965
255 690
259 321
818 752
505 219
303 8
271 259
2 485
723 53
520 122
424 431
153 631
796 159
772 484
748 128
774 512
848 566
922 805
409 398
247 556
622 520
934 900
644 244
723 947
887 636
176 542
533 702
976 300
174 416
760 9
988 324
457 148
78 796
224 249
171 930
872 821
213 703
439 498
993 171
482 656
840 290
270 901
490 231
654 835
950 170
736 98
872 610
160 686
547 10
954 8
292 663
243 195
975 690
451 14
949 787
253 422
346 248
328 835
940 186
190 425
983 116
677 953
640 494
898 706
163 558
920 950
538 621
691 885
525 801
531 732
769 343
423 178
218 208
662 590
57 214
579 185
752 547
598 251
96 811
406 594
9 932
377 738
48 910
895 672
473 183
75 423
773 938
922 465
939 446
778 624
599 392
583 775
326 372
646 818
312 738
166 205
919 257
614 923
259 460
388 351
912 593
565 679
771 278
934 198
661 918
832 280
597 8
286 785
838 354
508 897
398 899
899 250
684 892
288 625
204 574
588 716
495 746
919 84
631 686
781 83
182 480
454 261
187 667
611 898
672 488
881 629
417 657
969 92
275 815
112 507
495 968
25 468
745 549
287 60
850 216
935 198
376 175
822 338
379 577
20 831
167 696
764 806
7 83
945 790
803 432
567 443
333 97
923 217
447 489
215 29
212 773
229 161
509 657
169 718
704 889
7 902
502 602
470 36
842 987
276 997
351 355
84 112
962 132
103 942
803 972
769 556
312 49
518 417
883 717
99 363
834 970
284 47
636 706
198 508
420 910
937 380
520 468
104 310
354 150
317 2
854 235
730 301
14 482
736 930
525 681
978 946
227 378
299 793
356 304
148 886
204 666
5 583
339 901
502 339
390 531
818 109
785 380
572 92
899 500
352 487
704 76
597 767
89 904
405 734
724 246
253 977
896 525
718 460
408 343
135 220
138 320
140 822
630 760
366 754
232 394
547 117
574 230
905 891
861 333
241 588
21 390
975 709
215 176
522 952
21 503
261 312
651 96
360 509
474 133
574 632
955 470
924 543
690 857
656 585
571 332
994 983
906 542
215 475
195 346
12 828
682 872
169 955
920 797
151 767
225 983
246 699
446 41
798 770
640 364
754 70
221 944
60 699
655 35
868 194
85 216
290 924
791 572
574 948
943 353
375 355
692 39
151 933
808 572
990 836
256 643
795 854
632 884
492 76
522 565
878 616
352 566
403 946
965 167
804 750
623 796
58 904
535 398
115 729
701 98
634 71
302 23
70 83
628 537
956 16
776 406
460 871
227 628
528 375
322 832
948 700
184 801
439 277
406 160
782 575
822 760
309 987
922 362
918 207
984 631
513 487
680 336
962 870
732 156
950 207
440 516
385 133
650 667
10 314
284 909
549 675
445 84
860 248
54 35
275 690
42 619
244 648
99 999
996 383
102 750
565 718
328 695
452 250
578 587
926 145
309 177
864 584
735 23
461 470
778 488
742 937
467 873
359 783
285 168
249 281
924 769
47 978
983 294
710 510
902 968
320 436
618 909
268 940
431 480
434 388
645 122
227 71
152 977
450 698
269 342
791 689
796 105
925 651
527 235
217 206
644 53
930 819
222 89
597 115
601 112
196 956
553 501
2 405
717 698
41 169
300 726
596 317
185 146
209 995
781 221
314 530
957 508
905 641
49 743
527 574
567 637
554 632
528 339
503 999
699 282
595 477
137 789
157 714
233 380
58 369
139 208
215 421
508 401
475 344
50 737
727 462
448 656
361 81
289 668
91 360
629 792
833 991
742 9
724 524
682 106
620 685
602 52
521 633
242 807
371 953
719 634
716 666
727 160
267 850
452 350
509 795
185 189
246 854
337 906
979 551
519 871
590 143
954 730
276 962
9 201
160 875
488 296
713 849
365 94
800 827
195 675
26 703
407 270
859 457
971 147
908 251
467 464
378 253
105 835
514 779
507 979
551 356
539 356
544 30
374 97
156 812
161 962
623 630
240 69
938 778
559 222
155 236
139 675
670 733
342 626
994 37
9 615
809 266
108 219
951 689
221 404
495 757
588 278
409 282
545 646
433 172
487 113
128 702
643 113
684 931
791 153
301 493
40 430
664 655
311 52
150 242
249 821
180 881
434 673
243 595
996 755
503 984
192 467
474 709
132 899
200 77
613 960
400 639
148 245
385 205
150 591
634 930
449 946
124 756
31 344
876 811
533 6
632 191
704 604
963 185
694 59
988 796
830 553
320 816
172 817
165 538
397 916
220 549
869 400
411 536
854 300
316 544
878 166
826 453
792 205
264 806
156 332
708 929
769 547
609 812
260 434
942 818
959 240
359 932
342 210
218 292
237 8
723 7
991 163
186 838
373 760
818 599
183 97
604 656
716 122
809 808
921 870
811 342
5 275
601 142
398 834
865 513
437 920
9 673
249 292
946 322
624 872
443 708
122 825
463 777
672 478
388 484
594 739
424 247
897 552
683 719
79 974
150 138
257 826
205 932
520 992
6 671
157 769
452 835
699 322
847 122
542 652
441 423
194 697
395 114
701 626
634 599
836 143
761 521
492 965
932 698
864 208
926 408
665 402
122 213
267 922
798 97
546 6
711 704
381 393
826 374
206 716
263 639
674 162
323 272
361 862
937 556
95 828
43 913
650 139
9 1
707 438
85 374
123 175
506 285
489 969
310 681
721 278
479 34
464 761
872 134
490 777
940 69
575 452
361 207
550 130
843 916
181 549
576 521
976 234
349 603
173 661
688 647
30 986
930 732
143 665
147 730
866 222
832 466
668 72
652 581
448 43
620 337
322 524
749 371
199 854
917 871
130 379
587 18
302 165
417 909
951 584
37 152
511 209
546 930
504 865
896 861
126 553
552 239
2 208
594 598
704 58
23 202
10 743
503 539
211 459
675 376
453 138
917 283
75 648
757 476
709 89
68 343
875 865
180 809
509 163
862 633
917 947
59 124
162 790
885 312
907 170
504 285
248 439
56 742
590 871
206 108
48 122
859 770
73 665
13 95
44 14
154 634
699 810
242 915
224 650
315 549
392 454
500 623
321 656
103 642
786 746
399 141
96 436
668 714
579 417
726 432
36 371
388 801
962 346
636 421
51 617
436 53
517 780
720 136
403 420
13 405
6 259
299 279
267 757
289 285
473 40
200 720
937 409
169 807
540 722
820 66
434 389
329 681
6 411
959 921
887 550
715 237
165 132
227 471
800 109
199 933
772 3
352 612
683 984
190 696
568 360
930 851
180 474
117 477
669 566
88 205
876 94
182 619
459 614
957 507
814 348
396 13
144 62
788 895
71 397
808 85
644 763
573 203
600 215
175 403
399 783
40 398
224 251
488 302
303 575
383 749
865 102
956 283
638 365
146 332
842 414
400 645
989 221
6 897
745 601
619 320
380 724
63 961
693 634
966 582
957 746
605 258
480 657
137 720
69 31
217 546
380 954
770 129
354 733
794 622
445 754
48 324
289 110
972 741
385 563
759 751
377 789
194 165
376 704
911 378
284 63
184 214
494 259
170 93
541 122
411 861
873 922
390 355
237 35
990 739
557 752
422 112
507 869
414 723
978 426
485 693
318 987
764 331
908 491
933 210
887 399
264 327
191 660
854 87
967 503
956 772
973 674
260 787
317 222
531 376
951 515
553 464
607 173
574 318
387 400
856 63
795 896
473 625
166 572
689 609
102 446
265 861
268 100
363 818
741 861
634 495
121 144
84 780
323 588
864 376
862 279
563 854
604 378
842 291
491 915
257 255
153 62
852 376
802 917
675 385
197 845
614 150
45 137
963 410
103 407
343 484
323 904
552 626
228 102
559 849
530 781
993 625
812 467
246 947
561 853
194 790
157 130
825 936
21 691
834 806
561 934
156 478
546 82
285 254
622 313
894 546
697 230
419 872
540 628
225 969
337 663
446 51
108 598
656 328
556 750
691 625
472 825
843 794
146 454
973 403
538 891
99 506
924 249
800 951
251 151
694 535
18 12
511 841
437 630
242 494
61 938
320 364
52 851
335 515
146 232
667 310
260 864
339 681
784 618
910 222
588 780
31 87
683 544
904 851
500 412
728 183
409 558
532 699
93 283
921 560
229 87
265 1000
88 133
219 685
918 398
221 503
3 188
484 676
248 331
48 313
28 537
800 482
505 348
287 252
589 940
148 598
918 438
496 553
740 772
139 317
235 340
576 392
922 172
634 370
407 941
585 174
851 239
513 266
758 578
675 10
777 306
224 880
225 553
517 740
205 120
298 682
941 324
559 885
916 600
872 346
973 115
669 346
318 312
543 289
